[System]
Height = 600
Width = 800
Fullscreen = 0
Log = -1


[Graphics]
FOV = 45.000000
ClipNear = 0.100000
ClipFar = 1000.000000
AntiAliasing = 0
TextureFilter = 0
ForceOpenGL = 0.000000


[Audio]
Channels = 24
VolumeGlobal = 0.500000
