[Graphic]
Width = 800
Height = 600
Fullscreen = 0
MultiSampling = 0
FOV = 45.000000
ClipNear = 0.100000
ClipFar = 1000.000000
ForceOpenGL = 0.000000


[Sound]
Channels = 24
VolumeGlobal = 0.500000
